,t0,t1,t2,t31,t32,t33,x0,x1,x2,x31,x32,x33,sigma1,sigma2,sigma3
SII,-1169.9,586.6,-27.1,9331.1,0.0,0.0,0.34,0.0,0.0,1.0,0.0,0.0,1.0,0.0,0.0
SkT,-1144.7,402.1,56.1,9656.3,0.0,0.0,0.07,0.0,0.0,1.0,0.0,0.0,1.0,0.0,0.0
SkT1,-1794.0,298.0,-298.0,12812.0,0.0,0.0,0.154,-0.5,-0.5,0.08900000000000001,0.0,0.0,0.3333333,0.0,0.0
SkT2,-1791.6,300.0,-300.0,12792.0,0.0,0.0,0.154,-0.5,-0.5,0.08900000000000001,0.0,0.0,0.3333333,0.0,0.0
SkT3,-1791.8,298.5,-99.5,12794.0,0.0,0.0,0.138,-1.0,1.0,0.075,0.0,0.0,0.3333333,0.0,0.0
SkT5,-2917.1,328.2,-328.2,18584.0,0.0,0.0,-0.295,-0.5,-0.5,-0.5,0.0,0.0,0.1666667,0.0,0.0
SKb,-1602.78,570.88,-67.7,8000.0,0.0,0.0,-0.165,0.0,0.0,-0.28600000000000003,0.0,0.0,0.333333,0.0,0.0
Skyrme1p,-1057.3,235.9,-100.0,14463.5,0.0,0.0,0.2885,0.0,0.0,0.2257,0.0,0.0,1.0,0.0,0.0
SLy0,-2486.43,485.25,-440.46,13783.0,0.0,0.0,0.7947,-0.4983,-0.9323,1.2893,0.0,0.0,0.1666667,0.0,0.0
SLy1,-2487.64,488.29,-568.86,13791.0,0.0,0.0,0.7955,-0.3056,-1.0,1.2902,0.0,0.0,0.1666667,0.0,0.0
SLy2,-2484.23,482.19,-289.95,13763.0,0.0,0.0,0.7893,-0.7279,-0.7754,1.2824,0.0,0.0,0.1666667,0.0,0.0
SLy230a,-2490.23,489.53,-566.58,13803.0,0.0,0.0,1.1318,-0.8426,-1.0,1.9219,0.0,0.0,0.1666667,0.0,0.0
SLy3,-2481.09,480.95,-540.85,13731.0,0.0,0.0,0.838,-0.3381,-1.0,1.3578,0.0,0.0,0.1666667,0.0,0.0
SLy4,-2488.913,486.81800000000004,-546.395,13777.0,0.0,0.0,0.8340000000000001,-0.3438,-1.0,1.354,0.0,0.0,0.1666667,0.0,0.0
SLy5,-2483.45,484.23,-556.69,13757.0,0.0,0.0,0.7759999999999999,-0.317,-1.0,1.263,0.0,0.0,0.1666667,0.0,0.0
SLy6,-2479.5,462.18,-448.61,13673.0,0.0,0.0,0.825,-0.465,-1.0,1.355,0.0,0.0,0.1666667,0.0,0.0
SLy7,-2480.8,461.29,-433.93,13669.0,0.0,0.0,0.848,-0.49200000000000005,-1.0,1.393,0.0,0.0,0.1666667,0.0,0.0
SLy8,-2481.41,480.78,-538.34,13731.0,0.0,0.0,0.8024,-0.3424,-1.0,1.3061,0.0,0.0,0.1666667,0.0,0.0
SLy10,-2506.77,430.98,-304.95,13826.41,0.0,0.0,1.0398,-0.6745,-1.0,1.6833,0.0,0.0,0.1666667,0.0,0.0
SkO,-2103.653,303.35200000000003,791.674,13553.252,0.0,0.0,-0.21070100000000003,-2.810752,-1.461595,-0.429881,0.0,0.0,0.25,0.0,0.0
SkOp,-2099.419,301.531,154.781,13526.464,0.0,0.0,-0.029502999999999998,-1.325732,-2.323439,-0.147404,0.0,0.0,0.25,0.0,0.0
SKRA,-2895.4,405.5,-89.1,16660.0,0.0,0.0,0.08,0.0,0.2,0.0,0.0,0.0,0.1422,0.0,0.0
BSk14,-1822.67,377.47,-2.41056,11406.3,0.0,0.0,0.30209600000000003,-0.823575,61.94,0.47346000000000005,0.0,0.0,0.3,0.0,0.0
QMC700,-2429.1323,370.9804,-96.6917,13773.633999999998,0.0,0.0,0.1,0.0,0.0,0.0,0.0,0.0,0.17,0.0,0.0
QMC750,-2403.4794,319.6746,-55.2524,13473.6924,0.0,0.0,0.08,0.0,0.0,0.0,0.0,0.0,0.17,0.0,0.0
KDE0v,-2526.511,430.9418,-398.3775,14235.5193,0.0,0.0,0.7583,-0.3087,-0.9495,1.1445,0.0,0.0,0.1676,0.0,0.0
KDE0v1,-2553.0843,411.6963,-419.8712,14603.6069,0.0,0.0,0.6483,-0.3472,-0.9268,0.9475,0.0,0.0,0.1673,0.0,0.0
SV-mas07,-2203.658,438.349,566.846,12222.736,0.0,0.0,0.35436918,-1.7829396,-1.4369322,0.63253409,0.0,0.0,0.2,0.0,0.0
SV-sym34,-1887.3670000000002,323.80400000000003,351.782,12597.277,0.0,0.0,-0.23010994,-0.95958627,-1.7754751,-0.72185432,0.0,0.0,0.3,0.0,0.0
SV-sym32,-1883.2779999999998,319.184,197.329,12559.469,0.0,0.0,0.007688466999999999,-0.59430727,-2.1692148999999996,-0.30953656,0.0,0.0,0.3,0.0,0.0
ska25s20,-2180.48,281.49,-160.44,14577.8,0.0,0.0,0.13712,-0.8,0.0,0.062079999999999996,0.0,0.0,0.25,0.0,0.0
ska35s20,-1768.83,263.86,-158.34,12904.8,0.0,0.0,0.12899000000000002,-0.8,0.0,0.006540000000000001,0.0,0.0,0.35,0.0,0.0
ska45s20,-1537.89,245.47,-157.2,12461.12,0.0,0.0,0.12318,-0.8,0.0,-0.05608,0.0,0.0,0.45,0.0,0.0
s3hs20,-2672.9292,389.99866000000003,-483.65036,15780.56641,0.0,0.0,0.38065,-0.4,-0.93,0.5464,0.0,0.0,0.166666,0.0,0.0
s3s20,-2701.99585,379.7926636,-503.6746216,16098.8623,0.0,0.0,0.2749417,0.17936,-0.9268,0.296662,0.0,0.0,0.166666,0.0,0.0
s3s24,-2705.20166,391.36236569999994,-521.7019653,16102.80664,0.0,0.0,0.0303748,0.17936,-0.9268,-0.0701945,0.0,0.0,0.166666,0.0,0.0
s6hs20,-2825.33716,460.53087999999997,-92.32840999999999,15717.91211,0.0,0.0,0.20840999999999998,-0.05,0.03,0.17310999999999999,0.0,0.0,0.14,0.0,0.0
s6s20,-2846.386719,452.9282837,-95.367775,15933.55762,0.0,0.0,0.19894279999999998,-0.0700489,0.02717,0.15958350000000002,0.0,0.0,0.14,0.0,0.0
s6s24,-2850.6870120000003,465.3125,-99.0769882,15935.56348,0.0,0.0,-0.08327810000000001,-0.0700489,0.02717,-0.26683979999999996,0.0,0.0,0.14,0.0,0.0
s7hs20,-2182.06104,277.28992,-160.75455,14616.16504,0.0,0.0,0.14993,-0.8,0.0,0.08177000000000001,0.0,0.0,0.25,0.0,0.0
s7s20,-2182.321533,278.42172239999996,-160.12652590000002,14608.74219,0.0,0.0,0.1858619,-1.3489041000000002,0.0,0.2194355,0.0,0.0,0.25,0.0,0.0
s8hs20,-1768.21558,261.41516,-158.55165,12913.66895,0.0,0.0,0.13785,-0.8,0.0,0.02291,0.0,0.0,0.35,0.0,0.0
s8s20,-1768.56177,262.23285,-157.59932,12904.88965,0.0,0.0,0.16146,-1.46363,0.0,0.19594,0.0,0.0,0.35,0.0,0.0
s9s20,-3028.2138670000004,390.42877200000004,-106.21297450000002,17779.94727,0.0,0.0,0.1615471,-0.44832,0.2,0.1356435,0.0,0.0,0.14,0.0,0.0
s9s24,-3031.466553,401.85403439999993,-109.48705290000001,17778.24414,0.0,0.0,-0.07936339999999999,-0.44832,0.2,-0.20914229999999998,0.0,0.0,0.14,0.0,0.0
s10hs20,-1810.02075,275.54434,-256.94205,12858.77051,0.0,0.0,0.16702999999999998,-0.5,-0.5,0.08449,0.0,0.0,0.333333,0.0,0.0
s10s20,-1810.980591,276.8115234,-256.2614441,12859.27148,0.0,0.0,0.1831747,-1.0191988,-0.5,0.2170275,0.0,0.0,0.3333333,0.0,0.0
s11hs20,-1807.0867899999998,277.89841,-254.42711,12797.7002,0.0,0.0,0.18100000000000002,-0.6997399999999999,-0.5,0.15224000000000001,0.0,0.0,0.3333333,0.0,0.0
s11s20,-1807.991455,278.7789917,-253.8823242,12800.33105,0.0,0.0,0.1868941,-0.9936718000000001,-0.5,0.2224309,0.0,0.0,0.3333333,0.0,0.0
s12hs20,-1811.5181899999998,270.64867999999996,-85.66787,12906.86719,0.0,0.0,0.14178,-1.0,1.0,0.05379,0.0,0.0,0.333333,0.0,0.0
s12s20,-1812.471924,272.2641602,-85.40064240000001,12904.61328,0.0,0.0,0.1589374,-1.5212641000000002,1.0,0.18713729999999998,0.0,0.0,0.3333333,0.0,0.0
s15hs20,-2542.91626,444.04242,-99.12335,14309.62109,0.0,0.0,0.1893,0.0,0.0,0.1217,0.0,0.0,0.16666660000000003,0.0,0.0
s15s20,-2544.635254,443.44555660000003,-99.7321625,14329.97266,0.0,0.0,0.18321629999999997,-0.08089,0.0,0.1272691,0.0,0.0,0.16666660000000003,0.0,0.0
s15s24,-2548.46167,454.32278439999993,-103.1147079,14332.05371,0.0,0.0,-0.071647,-0.08089,0.0,-0.2808992,0.0,0.0,0.16666660000000003,0.0,0.0
s16hs20,-1901.396,306.89804,191.46901,12753.33105,0.0,0.0,0.04489,-0.59,-2.17,-0.26666999999999996,0.0,0.0,0.3,0.0,0.0
s16s20,-1902.956543,305.5899658,191.52761840000002,12779.1416,0.0,0.0,0.13117779999999998,-1.7746626,-2.1692148999999996,0.1260647,0.0,0.0,0.3,0.0,0.0
s17s20,-2590.1982420000004,412.8460083,-58.854454000000004,14909.3916,0.0,0.0,0.218813,-0.3438,1.0930953,0.2037881,0.0,0.0,0.1666667,0.0,0.0
s17s24,-2596.599854,429.38601680000005,-58.9625664,14891.074219999999,0.0,0.0,-0.0710489,-0.3438,1.0930953,-0.2414551,0.0,0.0,0.1666667,0.0,0.0
s18hs20,-2663.32617,391.71164,-120.43993999999999,15673.09863,0.0,0.0,0.14556,0.0,0.0,0.04131,0.0,0.0,0.1666667,0.0,0.0
s18s20,-2664.184815,391.7357483,-120.7052307,15681.21484,0.0,0.0,0.15223810000000002,-0.36261129999999997,0.0,0.10915019999999999,0.0,0.0,0.1666667,0.0,0.0
s18s24,-2668.081787,401.57720950000004,-123.9690628,15688.72363,0.0,0.0,-0.08622139999999999,-0.36261129999999997,0.0,-0.25123070000000003,0.0,0.0,0.1666667,0.0,0.0
s8ps20,-1770.2207,254.81752000000003,-162.91135,13015.9082,0.0,0.0,0.12224000000000002,-0.8,0.0,-0.01495,0.0,0.0,0.35,0.0,0.0
s8ps22,-1771.32874,259.89734,-164.7821,13011.39258,0.0,0.0,0.015390000000000001,-0.8,0.0,-0.20892,0.0,0.0,0.35,0.0,0.0
